This is tabletop of RMSE and the experiment started at 23-Feb-2017 03:34:31
2 0.0385579
3 0.0541233
4 0.0541233
5 0.0541233
6 0.0301658
7 0.0368698
8 0.0541233
9 0.0385229
10 0.0385229
2 0.0541233
3 0.0541233
4 0.0541233
5 0.0541233
6 0.0541233
7 0.0541233
8 0.0386003
9 0.0241773
10 0.0241774
2 0.0541233
3 0.0541233
4 0.0301654
5 0.0541233
6 0.0541233
7 0.0385229
8 0.0241774
9 0.0241774
10 0.0242886
2 0.0385229
3 0.0541233
4 0.0541233
5 0.0311366
6 0.0241773
7 0.0541233
8 0.0385579
9 0.0241773
10 0.0385229
2 0.0541233
3 0.0541233
4 0.0541233
5 0.0541233
6 0.0541233
7 0.0385229
8 0.0241813
9 0.0299128
10 0.0385229
2 0.0541233
3 0.0541233
4 0.0541233
5 0.0541233
6 0.0541233
7 0.0241774
8 0.0385229
9 0.0385229
10 0.0241773
2 0.0541233
3 0.0541233
4 0.0541233
5 0.0541233
6 0.0541233
7 0.054015
8 0.0541233
9 0.0541233
10 0.0241774
2 0.0541233
3 0.0541233
4 0.0541233
5 0.0541233
6 0.0241773
7 0.038291
8 0.0241773
9 0.0385229
10 0.0241774
2 0.0541233
3 0.0541233
4 0.0541233
5 0.0541233
6 0.0541233
7 0.0541233
8 0.0241773
9 0.0541233
10 0.0385229
2 0.0541233
3 0.0541233
4 0.0541233
5 0.0541233
6 0.0541233
7 0.0541233
8 0.0288027
9 0.0241774
10 0.0241773
2 0.0541233
3 0.0541233
4 0.0541233
5 0.0541233
6 0.0541233
7 0.0241777
8 0.0385229
9 0.0541233
10 0.0241774
2 0.0541233
3 0.0541233
4 0.0385229
5 0.0541233
6 0.0541233
7 0.0421909
8 0.038291
9 0.0541233
10 0.0241773
2 0.0541233
3 0.0541233
4 0.0541233
5 0.0541233
6 0.0541233
7 0.0385229
8 0.0241774
9 0.0174308
10 0.0241773
2 0.0541233
3 0.0340032
4 0.0541233
5 0.0541233
6 0.0541233
7 0.0241773
8 0.0385229
9 0.0385229
10 0.0382504
2 0.0541233
3 0.0541233
4 0.0541233
5 0.035804
6 0.0541233
7 0.0385229
8 0.0541294
9 0.0385229
10 0.0385229
