This is Simulated of RMSEnoise
1 0.198019
1 0.198019
3 0.14009
1 0.19802
1 0.19802
2 0.304463
2 0.303865
3 0.140618
3 0.113397
1 0.19802
1 0.198019
1 0.19802
1 0.198019
1 0.305874
2 0.304976
2 0.306106
2 0.30558
2 0.179274
3 0.150069
2 0.161932
7 0.028503
2 0.176588
2 0.176876
2 0.166573
1 0.19802
7 3.77097e-05
4 0.074853
4 0.120076
2 0.197176
1 0.19802
4 1.63714e-05
6 0.0829729
2 0.169555
4 0.120279
1 0.19802
1 0.30739
3 0.157837
1 0.19802
4 0.0748526
1 0.19802
7 4.34671e-05
7 3.78918e-05
4 1.62912e-05
4 0.123602
6 4.13849e-05
1 0.198019
1 0.19802
4 1.50297e-05
4 0.120097
4 0.120093
12 8.15327e-05
7 0.0469642
1 0.19802
6 3.44232e-05
5 2.22737e-05
2 0.167019
1 0.198021
5 2.31957e-05
7 3.50411e-05
3 0.118272
8 0.00953364
11 0.022648
6 3.03736e-05
9 7.71321e-05
7 3.81735e-05
8 0.00010896
3 0.113396
7 4.18273e-05
6 0.0492438
7 3.67613e-05
1 0.198019
11 0.000119058
7 0.0301678
7 0.0636338
10 6.46458e-05
5 0.111687
5 2.91407e-05
3 0.118272
9 6.91834e-05
8 0.0374423
5 1.64871e-05
14 0.000115876
10 0.00901559
11 9.01547e-05
18 0.00496259
13 0.0184996
11 0.01238
10 6.35098e-05
10 5.09333e-05
14 0.000156114
11 7.21675e-05
13 0.000121749
5 2.2631e-05
8 4.99449e-05
14 0.000133639
10 6.98556e-05
11 6.84643e-05
7 3.96189e-05
8 0.000109594
8 0.0193117
