This is tabletop of RMSEnoise and the experiment started at 22-Feb-2017 09:11:11
1 0.0652443
1 0.0652443
1 0.0652443
1 0.0652443
1 0.0652443
1 0.0652443
1 0.0652443
1 0.0652443
1 0.0652443
1 0.0652443
1 0.0652443
1 0.0652443
1 0.0652443
1 0.0652443
1 0.0652443
1 0.0652443
1 0.0652443
1 0.0652443
1 0.0652443
1 0.0652443
2 0.054062
2 0.054062
2 0.054062
2 0.054062
2 0.054062
2 0.054062
2 0.054062
2 0.054062
2 0.054062
2 0.054062
2 0.054062
2 0.054062
2 0.054062
2 0.054062
2 0.054062
2 0.054062
2 0.054062
2 0.054062
2 0.054062
2 0.054062
3 0.0423025
3 0.0423025
3 0.0423025
3 0.0423025
3 0.0423025
3 0.0423025
3 0.0423025
3 0.0423025
3 0.0423025
3 0.0423025
3 0.0423025
3 0.0423025
3 0.0423025
3 0.0423025
3 0.0423025
3 0.0423025
3 0.0423025
3 0.0423025
3 0.0423025
3 0.0423025
4 0.039649
4 0.039649
4 0.039649
4 0.039649
4 0.039649
4 0.039649
4 0.039649
4 0.039649
4 0.039649
4 0.039649
4 0.039649
4 0.039649
4 0.039649
4 0.039649
4 0.039597
4 0.039649
4 0.039649
4 0.039649
4 0.039649
4 0.039649
5 0.0535213
5 0.0477631
5 0.0497445
5 0.0427777
5 0.049644
5 0.0537245
5 0.049846
5 0.0426731
5 0.0551997
5 0.0498245
5 0.0426905
5 0.0496407
5 0.0609258
5 0.0497679
5 0.0477129
5 0.0498732
5 0.0392485
5 0.0496362
5 0.0496399
5 0.0477046
6 0.0457679
6 0.0507656
6 0.0498378
6 0.0509256
6 0.054032
6 0.0512145
6 0.0503201
6 0.0545256
6 0.0493313
6 0.0512274
6 0.0524138
6 0.0511683
6 0.0572824
6 0.0572906
6 0.0570769
6 0.0497413
6 0.0512
6 0.0570948
6 0.0509812
6 0.053984
7 0.0557674
7 0.0558761
7 0.0554171
7 0.0557748
7 0.0494335
7 0.0558439
7 0.0557538
7 0.048382
7 0.0557484
7 0.0540041
7 0.0487436
7 0.0532616
7 0.0476125
7 0.0557425
7 0.0554024
7 0.0533133
7 0.05332
7 0.0457522
7 0.048339
7 0.0554006
8 0.0567853
8 0.0561499
8 0.0567853
8 0.0567852
8 0.0567856
8 0.0567852
8 0.0561501
8 0.0567849
8 0.0567852
8 0.0568065
8 0.056785
8 0.0567851
8 0.0567851
8 0.0567852
8 0.0506049
8 0.0568065
8 0.0486422
8 0.0567852
8 0.0567852
8 0.0567854
9 0.0528528
9 0.0528528
9 0.0528528
9 0.0528528
9 0.0528528
9 0.0528528
9 0.0528528
9 0.0528528
9 0.0528527
9 0.0528528
9 0.0528528
9 0.0528528
9 0.0528528
9 0.0528528
9 0.0527921
9 0.0528528
9 0.0528862
9 0.0528467
9 0.0528528
9 0.0528528
10 0.0517967
10 0.0516484
10 0.0522809
10 0.0516242
10 0.0517335
10 0.0515755
10 0.0516241
10 0.0517268
10 0.0516242
10 0.0516242
10 0.051725
10 0.0516241
10 0.0516242
10 0.0517025
10 0.0517298
10 0.0522809
10 0.0516242
10 0.0516241
10 0.0515421
10 0.0517263
