This is Syn3 of hamming
2 0.485457
1 0.4974
2 0.4826
1 0.500943
3 0.483543
1 0.4974
3 0.486971
1 0.4974
1 0.4974
4 0.486486
2 0.4874
2 0.486743
12 0.373229
2 0.485229
30 0.335057
32 0.306029
2 0.487829
3 0.485686
1 0.4974
1 0.4974
3 0.470429
3 0.482429
2 0.4764
3 0.487429
2 0.477057
5 0.468057
3 0.4804
18 0.354
8 0.383971
23 0.327429
2 0.4872
4 0.485571
3 0.453343
5 0.440486
1 0.4974
31 0.311486
32 0.3254
3 0.485371
28 0.290971
33 0.286143
37 0.3408
44 0.292371
56 0.301057
51 0.296943
35 0.3326
37 0.219914
48 0.289114
6 0.425886
24 0.331686
41 0.300343
25 0.339514
18 0.337857
22 0.331543
3 0.466057
5 0.4838
38 0.295143
4 0.451971
3 0.471971
23 0.335429
62 0.292886
57 0.297457
49 0.276514
40 0.244743
51 0.278886
55 0.300029
38 0.325657
30 0.307229
49 0.325629
61 0.339314
57 0.317629
54 0.286114
55 0.334686
56 0.2986
42 0.2336
38 0.284086
37 0.277857
42 0.2694
44 0.330543
38 0.283171
67 0.319714
50 0.310457
48 0.268971
54 0.276886
63 0.291629
61 0.274029
59 0.2628
64 0.303171
55 0.316371
60 0.312314
59 0.308743
49 0.310143
76 0.3216
71 0.333429
72 0.310857
61 0.318314
53 0.285457
62 0.307571
63 0.324229
55 0.299114
