This is Syn2 of RMSE
2 0.320335
10 0.144315
1 0.225867
4 0.195539
1 0.225867
3 0.207708
1 0.225867
2 0.320297
2 0.216339
1 0.225867
2 0.216339
10 0.12623
1 0.225867
3 0.205747
4 0.19887
1 0.225867
1 0.225867
2 0.222148
3 0.204845
7 0.17106
4 0.195792
14 0.0988476
11 0.124579
1 0.225867
15 0.0783713
2 0.215002
13 0.099649
15 0.0651628
11 0.109159
7 0.159178
1 0.225867
8 0.16851
9 0.159754
4 0.203143
2 0.218331
2 0.220858
12 0.107687
15 0.0561253
2 0.216339
1 0.225867
2 0.216339
13 0.0780522
7 0.171752
14 0.0866491
15 0.0841924
16 0.0400338
17 0.0357376
8 0.15209
12 0.102188
9 0.135213
14 0.0753537
17 0.0222881
11 0.129197
13 0.0903753
13 0.0674414
12 0.0955927
3 0.209658
3 0.204823
16 0.0286926
13 0.105751
12 0.109228
18 0.0232064
19 0.0215844
17 0.0234971
14 0.0563601
19 0.0230683
14 0.0300738
19 0.0397438
29 0.0555333
10 0.133478
16 0.0458364
15 0.0620397
22 0.0447505
17 0.0236805
14 0.0583602
21 0.0451843
22 0.027957
15 0.032878
15 0.0308836
18 0.0225086
23 0.0493883
28 0.0606465
30 0.0603348
25 0.0410823
25 0.0587172
16 0.023362
16 0.0229408
16 0.0231609
22 0.0679087
29 0.0611195
24 0.0560665
39 0.0527037
22 0.0359183
28 0.0630266
15 0.0179301
33 0.063754
21 0.0188142
20 0.0216209
28 0.0484652
34 0.062722
