This is Simulated of hamming and the experiment started at 22-Feb-2017 17:18:35
2 0.21
3 0.335
4 8.04098e-197
5 0.0625
6 0.2425
7 0.36
8 0.22
9 0.1875
10 0.2925
2 0.215
3 0.1175
4 0.1125
5 0.1375
6 0.015
7 0.37
8 0.31
9 0.325
9 0.215
2 0.24
3 0.1125
4 0.2
5 0.005
6 0.26
7 0.265
8 0.345
9 0.1975
9 0.4175
2 0.215
3 0.1125
4 0.19
5 0.135
6 0.225
7 0.3225
8 0.28
9 0.4
10 0.295
2 0.23
3 0.1375
4 8.05515e-197
5 0.365
6 0.2475
4 8.03078e-197
8 0.1025
9 0.25
10 0.27
2 0.255
3 0.1375
4 8.07713e-197
4 8.03941e-197
4 7.77252e-197
7 0.31
8 0.175
6 0.01
10 0.28
2 0.23
3 0.1375
4 0.125
5 0.14
6 0.0925
7 0.24
8 0.1375
9 0.045
9 0.355
2 0.23
3 0.1125
4 0.2025
5 0.26
6 0.2325
7 0.135
8 0.41
9 0.345
10 0.48
2 0.215
3 0.1375
4 8.12582e-197
5 0.1175
5 0.3175
7 0.3075
8 0.395
7 0.3675
10 0.29
2 0.23
3 0.255
4 6.65592e-194
5 0.1575
5 0.005
6 0.0375
8 0.36
9 0.43
10 0.2825
2 0.24
3 0.12
4 8.19487e-197
5 0.365
6 0.2575
7 0.36
8 0.305
9 0.2625
10 0.31
2 0.25
3 0.1375
4 0.1225
5 0.12
6 0.215
6 0.25
8 0.2225
9 0.2925
10 0.265
2 0.24
3 0.1175
4 0.1175
5 0.24
6 0.33
5 0.0025
6 0.0425
9 0.2125
10 0.325
2 0.24
3 0.12
4 8.35277e-197
5 0.1325
6 0.1525
4 8.10203e-197
6 0.1175
9 0.1375
10 0.52
2 0.26
3 0.12
4 0.23
5 0.0175
6 0.3475
7 0.2925
4 8.17656e-197
9 0.3
10 0.275
