This is Syn2 of RMSEnoise and the experiment started at 22-Feb-2017 17:35:41
2 0.242352
4 0.2205
6 0.20521
8 0.186793
10 0.156807
12 0.15597
14 0.114049
16 0.140191
18 0.135443
20 0.123722
2 0.24213
4 0.221039
6 0.206903
8 0.175923
10 0.157641
12 0.145858
14 0.133302
16 0.133979
18 0.110138
20 0.126657
2 0.242935
4 0.218737
6 0.202001
8 0.176751
10 0.161666
12 0.139141
14 0.146003
16 0.130731
18 0.138699
20 0.129869
2 0.242717
4 0.22184
6 0.200029
8 0.182104
10 0.15278
12 0.149364
14 0.114554
16 0.115366
18 0.109769
20 0.135056
2 0.242456
4 0.218511
6 0.202311
8 0.193135
10 0.159135
12 0.135839
14 0.140891
16 0.112344
18 0.135058
20 0.120059
2 0.243146
4 0.221017
6 0.202821
8 0.176539
10 0.15663
12 0.13504
14 0.135603
16 0.150324
18 0.113822
20 0.117301
2 0.240982
4 0.224673
6 0.20249
8 0.185041
10 0.15679
12 0.150794
14 0.132837
16 0.124126
18 0.130496
20 0.123045
2 0.242689
4 0.223506
6 0.204413
8 0.181904
10 0.16051
12 0.136411
14 0.124742
16 0.125764
18 0.121539
20 0.137759
2 0.242338
4 0.2206
6 0.202105
8 0.179339
10 0.165357
12 0.155643
14 0.128447
16 0.121047
18 0.131136
20 0.138141
2 0.242982
4 0.21913
6 0.204752
8 0.181758
10 0.158042
12 0.141719
14 0.12363
16 0.149565
18 0.136354
20 0.123834
2 0.242373
4 0.226215
6 0.199305
8 0.178921
10 0.152934
12 0.137353
14 0.128426
16 0.11833
18 0.126058
20 0.129314
2 0.243139
4 0.219966
6 0.208188
8 0.178098
10 0.158292
12 0.143105
14 0.124388
16 0.106875
18 0.110624
20 0.122382
2 0.242093
4 0.223741
6 0.208442
8 0.180876
10 0.165851
12 0.144822
14 0.122536
16 0.149684
18 0.13357
20 0.128837
2 0.241448
4 0.22531
6 0.205483
8 0.185702
10 0.158717
12 0.138876
14 0.131602
16 0.139934
18 0.123341
20 0.111423
2 0.24278
4 0.224491
6 0.210058
8 0.189395
10 0.154694
12 0.146126
14 0.119909
16 0.118425
18 0.135511
20 0.135873
