This is Mnist1k of RMSEnoise
22 0.185811
3 0.335187
9 0.21656
22 0.187347
3 0.24573
19 0.190216
1 0.33551
35 0.169514
4 0.234279
4 0.239794
12 0.206654
24 0.182546
22 0.189349
6 0.225152
13 0.202548
26 0.182326
31 0.172503
27 0.183888
2 0.250499
1 0.258892
53 0.151832
3 0.335307
21 0.189132
28 0.176131
31 0.172144
59 0.148528
14 0.204953
24 0.190125
25 0.1816
41 0.160409
31 0.171851
14 0.200753
24 0.18472
5 0.23339
38 0.167398
34 0.171491
10 0.211731
47 0.157046
36 0.167662
12 0.209355
18 0.191874
8 0.217253
25 0.181074
21 0.192492
7 0.226339
14 0.204737
48 0.155164
16 0.197528
45 0.158516
56 0.150308
58 0.146762
31 0.175138
22 0.188839
34 0.170972
31 0.171952
9 0.217233
54 0.150802
34 0.172638
43 0.159255
42 0.162225
43 0.160997
9 0.216671
43 0.160288
78 0.134362
45 0.160587
55 0.149509
17 0.196318
40 0.163925
39 0.162397
28 0.177359
40 0.163117
29 0.177238
36 0.166841
78 0.134784
63 0.144324
20 0.188025
40 0.163167
59 0.147458
83 0.129551
105 0.122779
74 0.136186
55 0.148486
76 0.136065
106 0.121306
112 0.11867
91 0.1285
60 0.146173
93 0.127442
56 0.149249
72 0.139904
65 0.143695
64 0.144327
94 0.126837
70 0.140317
39 0.165264
68 0.141679
130 0.111833
101 0.123617
115 0.118412
87 0.129966
136 0.111258
147 0.106765
75 0.135697
135 0.111247
133 0.111311
97 0.124463
107 0.121036
168 0.101141
129 0.112235
112 0.118373
114 0.117453
92 0.128134
80 0.135041
81 0.133981
113 0.118295
127 0.113013
160 0.103155
131 0.112267
113 0.11841
148 0.107472
121 0.114704
106 0.120963
126 0.11361
