This is Yeast of RMSEnoise and the experiment started at 17-Apr-2017 11:44:05
5 0.09805
5 0.0980557
5 0.0980574
5 0.0980531
5 0.0980542
5 0.0980543
5 0.0980575
5 0.0980542
5 0.0980567
5 0.098055
5 0.0980581
5 0.0980561
5 0.0980267
5 0.0980434
5 0.0980557
5 0.0980526
5 0.0980571
5 0.0980581
5 0.0980555
5 0.0980501
10 0.0980204
10 0.0978187
10 0.0980233
10 0.0979796
10 0.0980359
10 0.0979201
10 0.0979981
10 0.0980407
10 0.0978684
10 0.0978996
10 0.0978449
10 0.0980312
10 0.0980309
10 0.0980337
10 0.0980356
10 0.0979581
10 0.097975
10 0.0980375
10 0.0980474
10 0.0979923
