This is tabletop of RMSEnoise and the experiment started at 23-Feb-2017 03:34:31
2 0.0466496
3 0.0602904
4 0.0602904
5 0.0602904
6 0.0396265
7 0.0445679
8 0.0602904
9 0.0466472
10 0.0466472
2 0.0602904
3 0.0602904
4 0.0602904
5 0.0602904
6 0.0602904
7 0.0602904
8 0.0465339
9 0.0358967
10 0.0358967
2 0.0602904
3 0.0602904
4 0.0396263
5 0.0602904
6 0.0602904
7 0.0466472
8 0.0358967
9 0.0358967
10 0.0357605
2 0.0466472
3 0.0602904
4 0.0602904
5 0.0405925
6 0.0358967
7 0.0602904
8 0.0466496
9 0.0358967
10 0.0466472
2 0.0602904
3 0.0602904
4 0.0602904
5 0.0602904
6 0.0602904
7 0.0466472
8 0.0356379
9 0.0396599
10 0.0466472
2 0.0602904
3 0.0602904
4 0.0602904
5 0.0602904
6 0.0602904
7 0.0358967
8 0.0466472
9 0.0466472
10 0.0358967
2 0.0602904
3 0.0602904
4 0.0602904
5 0.0602904
6 0.0602904
7 0.0600176
8 0.0602904
9 0.0602904
10 0.0358967
2 0.0602904
3 0.0602904
4 0.0602904
5 0.0602904
6 0.0358967
7 0.0465599
8 0.0358967
9 0.0466472
10 0.0358967
2 0.0602904
3 0.0602904
4 0.0602904
5 0.0602904
6 0.0602904
7 0.0602904
8 0.0358967
9 0.0602904
10 0.0466472
2 0.0602904
3 0.0602904
4 0.0602904
5 0.0602904
6 0.0602904
7 0.0602904
8 0.0388505
9 0.0358967
10 0.0358967
2 0.0602904
3 0.0602904
4 0.0602904
5 0.0602904
6 0.0602904
7 0.0358968
8 0.0466472
9 0.0602904
10 0.0358967
2 0.0602904
3 0.0602904
4 0.0466472
5 0.0602904
6 0.0602904
7 0.0498491
8 0.0465599
9 0.0602904
10 0.0358967
2 0.0602904
3 0.0602904
4 0.0602904
5 0.0602904
6 0.0602904
7 0.0466472
8 0.0358967
9 0.031396
10 0.0358967
2 0.0602904
3 0.0430029
4 0.0602904
5 0.0602904
6 0.0602904
7 0.0358967
8 0.0466472
9 0.0466472
10 0.0461832
2 0.0602904
3 0.0602904
4 0.0602904
5 0.0442933
6 0.0602904
7 0.0466472
8 0.0601262
9 0.0466472
10 0.0466472
