This is Syn2 of hamming
2 0.504643
10 0.256071
1 0.478643
4 0.401643
1 0.478643
3 0.368143
1 0.478643
2 0.504643
2 0.438786
1 0.478643
2 0.438786
10 0.177786
1 0.478643
3 0.440357
4 0.369857
1 0.478643
1 0.478643
2 0.420143
3 0.376143
7 0.283786
4 0.317286
14 0.205857
11 0.155643
1 0.478643
15 0.222643
2 0.4345
13 0.224
15 0.152286
11 0.152214
7 0.217786
1 0.478643
8 0.288143
9 0.288643
4 0.384
2 0.407143
2 0.4075
12 0.155429
15 0.121643
2 0.438786
1 0.478643
2 0.438786
13 0.134286
7 0.264929
14 0.253214
15 0.185286
16 0.134929
17 0.0827857
8 0.225357
12 0.183214
9 0.159143
14 0.118714
17 0.0906429
11 0.253786
13 0.175357
13 0.0665714
12 0.121
3 0.3985
3 0.389643
16 0.0669286
13 0.239214
12 0.264714
18 0.102929
19 0.234071
17 0.0847857
14 0.0434286
19 0.137714
14 0.0337143
19 0.106143
29 0.217857
10 0.217143
16 0.0667857
15 0.130714
22 0.244714
17 0.204786
14 0.0612857
21 0.202143
22 0.264071
15 0.0944286
15 0.0811429
18 0.145429
23 0.152714
28 0.203429
30 0.205143
25 0.186714
25 0.162571
16 0.147071
16 0.0247143
16 0.0570714
22 0.185
29 0.255286
24 0.157286
39 0.255857
22 0.147857
28 0.246857
15 0.0660714
33 0.260143
21 0.136714
20 0.1085
28 0.161786
34 0.270286
