This is Syn2 of RMSE and the experiment started at 22-Feb-2017 17:35:41
2 0.220902
4 0.19684
6 0.179688
8 0.158479
10 0.121778
12 0.120998
14 0.0575967
16 0.10079
18 0.0943132
20 0.0767313
2 0.220671
4 0.197479
6 0.181732
8 0.145384
10 0.122851
12 0.107496
14 0.0901364
16 0.0917539
18 0.0506515
20 0.081311
2 0.221606
4 0.194773
6 0.175994
8 0.146399
10 0.128047
12 0.0981574
14 0.108323
16 0.0870181
18 0.0989574
20 0.0864633
2 0.221304
4 0.198341
6 0.17374
8 0.152787
10 0.116443
12 0.112365
14 0.0587656
16 0.060793
18 0.0496904
20 0.0942788
2 0.221064
4 0.194665
6 0.176411
8 0.166019
10 0.124707
12 0.0934757
14 0.101281
16 0.0548842
18 0.0937563
20 0.0704008
2 0.221773
4 0.197413
6 0.176929
8 0.146128
10 0.121571
12 0.0922718
14 0.0937015
16 0.114734
18 0.0583935
20 0.0656317
2 0.219369
4 0.201509
6 0.17654
8 0.156367
10 0.121699
12 0.114397
14 0.0894499
16 0.0763171
18 0.0870069
20 0.075419
2 0.221302
4 0.200272
6 0.178758
8 0.152609
10 0.126435
12 0.0942901
14 0.0768121
16 0.0789668
18 0.0724573
20 0.0981308
2 0.220889
4 0.197058
6 0.176131
8 0.149636
10 0.132618
12 0.120818
14 0.0825006
16 0.0713478
18 0.0879737
20 0.0987097
2 0.221576
4 0.195223
6 0.179233
8 0.152478
10 0.123481
12 0.10176
14 0.0749421
16 0.113727
18 0.0956151
20 0.0765788
2 0.220943
4 0.203255
6 0.172846
8 0.148956
10 0.116722
12 0.0955876
14 0.0825641
16 0.0661797
18 0.0799778
20 0.0853793
2 0.221796
4 0.196257
6 0.183064
8 0.147912
10 0.123709
12 0.103729
14 0.0762639
16 0.0424304
18 0.0518424
20 0.0746599
2 0.220625
4 0.200547
6 0.183476
8 0.151457
10 0.133219
12 0.106352
14 0.0730075
16 0.113749
18 0.0915681
20 0.0848673
2 0.219958
4 0.202324
6 0.180045
8 0.1571
10 0.124192
12 0.0978971
14 0.0876101
16 0.100364
18 0.0755767
20 0.0543645
2 0.221353
4 0.201397
6 0.185226
8 0.161609
10 0.11908
12 0.108132
14 0.0686512
16 0.0664412
18 0.0944428
20 0.095511
