This is Yeast of RMSEnoise and the experiment started at 23-Feb-2017 08:56:04
5 0.0878669
10 0.0904023
15 0.0856029
20 0.0791343
25 0.0821726
30 0.0878837
35 0.0856336
40 0.0857732
45 0.0904321
50 0.0903975
5 0.0903509
10 0.0903854
15 0.0820646
20 0.0838219
25 0.0825959
30 0.0878856
35 0.0822257
40 0.0809821
45 0.083822
50 0.0785348
5 0.0930363
10 0.0878804
15 0.0822896
20 0.085696
25 0.0820879
30 0.084522
35 0.0829234
40 0.0876895
45 0.0857238
50 0.0903723
5 0.0904058
10 0.0879148
15 0.0857163
20 0.0856259
25 0.0856517
30 0.085563
35 0.0847324
40 0.0856414
45 0.0821739
50 0.0819091
5 0.0881969
10 0.0839377
15 0.090389
20 0.0837812
25 0.0837798
30 0.08418
35 0.0809253
40 0.0838316
45 0.0856197
50 0.0837453
5 0.0877139
10 0.0878308
15 0.0855933
20 0.0878822
25 0.0878937
30 0.0856116
35 0.0855701
40 0.0766246
45 0.0805834
50 0.0820354
5 0.090518
10 0.0859388
15 0.0855773
20 0.0856222
25 0.0841991
30 0.0904133
35 0.0841892
40 0.0903939
45 0.083846
50 0.0879391
5 0.0930213
10 0.0930257
15 0.0838719
20 0.087863
25 0.0838542
30 0.0777449
35 0.080724
40 0.0856683
45 0.0821657
50 0.0821403
5 0.0903841
10 0.0859386
15 0.0856748
20 0.0856623
25 0.0857684
30 0.0808544
35 0.0795876
40 0.080579
45 0.080865
50 0.0790463
5 0.090422
10 0.0857508
15 0.0858201
20 0.0855939
25 0.0857522
30 0.0856954
35 0.0840236
40 0.0876196
45 0.0807607
50 0.0878643
5 0.0980581
10 0.0858265
15 0.0839786
20 0.0904138
25 0.0903906
30 0.0836925
35 0.0878933
40 0.0856994
45 0.0856449
50 0.0765872
5 0.0980581
10 0.0857575
15 0.0840962
20 0.0904073
25 0.087899
30 0.0857054
35 0.0808085
40 0.0902961
45 0.0825155
50 0.0856955
5 0.0879006
10 0.0877873
15 0.0856278
20 0.0877814
25 0.0823428
30 0.0839293
35 0.085732
40 0.0857051
45 0.0856223
50 0.0904094
5 0.0878695
10 0.0878149
15 0.0857157
20 0.0825162
25 0.0812041
30 0.0822368
35 0.0877464
40 0.0878386
45 0.0819883
50 0.0878946
5 0.0880675
10 0.0878394
15 0.0929791
20 0.0876766
25 0.0877668
30 0.0840307
35 0.0842654
40 0.079068
45 0.0903966
50 0.082119
