This is Simulated of RMSE and the experiment started at 22-Feb-2017 17:18:35
2 0.166785
3 0.163377
4 0.000417415
5 0.00055833
6 0.0776729
7 0.00385408
8 0.0435544
9 0.0253666
10 0.0443708
2 0.162426
3 0.120894
4 0.08921
5 0.0403874
6 0.000499456
7 0.00131206
8 0.0412185
9 0.0607516
9 0.0296697
2 0.171034
3 0.118424
4 0.113963
5 0.000904861
6 0.0282133
7 0.0274305
8 0.0381557
9 0.0227539
9 0.116077
2 0.161918
3 0.118259
4 0.118843
5 0.0803565
6 0.0569935
7 0.06526
8 0.0622634
9 0.00786265
10 0.0425315
2 0.168984
3 0.125021
4 0.000417
5 0.000847921
6 0.0641398
4 0.222455
8 0.0261318
9 0.00176517
10 0.00103447
2 0.171525
3 0.117612
4 0.000418117
4 0.000416844
4 0.210875
7 0.0578327
8 0.0208525
6 0.266468
10 0.069776
2 0.16914
3 0.117612
4 0.0797551
5 0.0770983
6 0.0350262
7 0.00112071
8 0.00079192
9 0.00339001
9 0.201525
2 0.167992
3 0.118259
4 0.111885
5 0.108099
6 0.0033834
7 0.0159429
8 0.046575
9 0.0192948
10 0.00314473
2 0.162426
3 0.124383
4 0.000417732
5 0.0599493
5 0.264755
7 0.0498205
8 0.0809403
7 0.227322
10 0.0461451
2 0.167992
3 0.153098
4 0.00200793
5 0.0486634
5 0.296968
6 0.0522791
8 0.00276381
9 0.00251314
10 0.0555494
2 0.171968
3 0.113388
4 0.00041791
5 0.00082034
6 0.0948263
7 0.000951188
8 0.0433038
9 0.00198932
10 0.0603537
2 0.163792
3 0.117612
4 0.0838731
5 0.0367677
6 0.0984267
6 0.371152
8 0.027973
9 0.00183427
10 0.0484454
2 0.171506
3 0.120893
4 0.0830873
5 0.0964062
6 0.0944082
5 0.207545
6 0.000903359
9 0.052191
10 0.0319181
2 0.171926
3 0.119082
4 0.000418134
5 0.0418097
6 0.0344824
4 0.305086
6 0.219466
9 0.00152764
10 0.00217504
2 0.168776
3 0.113388
4 0.107442
5 0.000646421
6 0.0683144
7 0.06337
4 0.263056
9 0.0480294
10 0.0528991
