This is Syn1 of hamming
37 0.323086
3 0.442229
40 0.317171
23 0.358457
42 0.3144
2 0.475429
21 0.3356
17 0.351171
48 0.312371
2 0.4566
4 0.440029
3 0.4394
1 0.497886
36 0.330314
20 0.346886
2 0.474543
2 0.487829
37 0.337829
4 0.421571
40 0.288171
34 0.326629
39 0.327171
45 0.293143
52 0.304429
46 0.308
33 0.313486
30 0.343486
42 0.314029
57 0.316143
44 0.326771
44 0.332371
45 0.3318
46 0.307143
50 0.322629
58 0.278029
52 0.298343
2 0.465229
28 0.342114
45 0.318314
59 0.322314
67 0.301057
71 0.319571
64 0.321114
71 0.336571
67 0.3182
70 0.317314
40 0.335943
58 0.300971
70 0.311171
67 0.326
61 0.329857
59 0.337886
72 0.334943
72 0.329486
62 0.328371
58 0.310543
73 0.320543
70 0.340457
59 0.319629
68 0.346857
74 0.342943
79 0.3306
85 0.340857
79 0.356714
75 0.340143
80 0.345057
87 0.326743
74 0.3244
85 0.356229
76 0.338114
89 0.331686
80 0.353629
77 0.351114
73 0.339314
83 0.347971
85 0.337686
70 0.331229
78 0.3474
88 0.332429
108 0.359143
117 0.350686
99 0.359743
104 0.355971
109 0.349114
92 0.356943
109 0.349229
110 0.351971
94 0.347286
111 0.352086
116 0.362257
105 0.356314
103 0.354171
97 0.349229
96 0.344314
107 0.3542
111 0.354371
105 0.3552
100 0.356457
111 0.355857
