This is Syn3 of RMSE
2 0.29958
1 0.299778
2 0.294487
1 0.428136
3 0.299369
1 0.299778
3 0.299462
1 0.299778
1 0.299778
4 0.299405
2 0.299567
2 0.299549
12 0.256386
2 0.299548
30 0.188105
32 0.17399
2 0.299604
3 0.299413
1 0.299778
1 0.299778
3 0.293927
3 0.299347
2 0.293955
3 0.299427
2 0.294158
5 0.293537
3 0.299335
18 0.231387
8 0.26365
23 0.204603
2 0.29957
4 0.299282
3 0.293871
5 0.27672
1 0.299778
31 0.181467
32 0.178592
3 0.299413
28 0.183923
33 0.164139
37 0.160755
44 0.133532
56 0.115633
51 0.118217
35 0.173225
37 0.137146
48 0.126846
6 0.270233
24 0.201288
41 0.139558
25 0.204367
18 0.220675
22 0.199445
3 0.28878
5 0.298942
38 0.133619
4 0.287811
3 0.288598
23 0.212757
62 0.101041
57 0.108701
49 0.102238
40 0.0981672
51 0.116078
55 0.111669
38 0.139563
30 0.161977
49 0.119714
61 0.106874
57 0.11253
54 0.115857
55 0.124143
56 0.109113
42 0.129676
38 0.154239
37 0.15888
42 0.136396
44 0.136727
38 0.149674
67 0.0968135
50 0.124339
48 0.113314
54 0.110641
63 0.100041
61 0.0907776
59 0.0942983
64 0.100336
55 0.11822
60 0.106367
59 0.102118
49 0.124508
76 0.0878742
71 0.0956945
72 0.0877866
61 0.106265
53 0.110586
62 0.104902
63 0.0967891
55 0.116588
