This is tabletop of hamming and the experiment started at 22-Feb-2017 09:11:11
1 0.4025
1 0.4025
1 0.4025
1 0.4025
1 0.4025
1 0.4025
1 0.4025
1 0.4025
1 0.4025
1 0.4025
1 0.4025
1 0.4025
1 0.4025
1 0.4025
1 0.4025
1 0.4025
1 0.4025
1 0.4025
1 0.4025
1 0.4025
2 0.2725
2 0.2725
2 0.2725
2 0.2725
2 0.2725
2 0.2725
2 0.2725
2 0.2725
2 0.2725
2 0.2725
2 0.2725
2 0.2725
2 0.2725
2 0.2725
2 0.2725
2 0.2725
2 0.2725
2 0.2725
2 0.2725
2 0.2725
3 0.1225
3 0.1225
3 0.1225
3 0.1225
3 0.1225
3 0.1225
3 0.1225
3 0.1225
3 0.1225
3 0.1225
3 0.1225
3 0.1225
3 0.1225
3 0.1225
3 0.1225
3 0.1225
3 0.1225
3 0.1225
3 0.1225
3 0.1225
4 0.04
4 0.04
4 0.04
4 0.04
4 0.04
4 0.04
4 0.04
4 0.04
4 0.04
4 0.04
4 0.04
4 0.04
4 0.04
4 0.04
4 0.04
4 0.04
4 0.04
4 0.04
4 0.04
4 0.04
5 0.0625
5 0.11
5 0.1325
5 0.1225
5 0.1275
5 0.0825
5 0.1325
5 0.1225
5 0.105
5 0.1325
5 0.1225
5 0.1275
5 0.26
5 0.1325
5 0.1425
5 0.1325
5 0.0325
5 0.1275
5 0.1275
5 0.11
6 0.0625
6 0.2575
6 0.21
6 0.1975
6 0.205
6 0.2525
6 0.2275
6 0.2275
6 0.16
6 0.2525
6 0.195
6 0.2525
6 0.2175
6 0.2175
6 0.2175
6 0.21
6 0.2525
6 0.25
6 0.2525
6 0.215
7 0.26
7 0.26
7 0.285
7 0.2725
7 0.2525
7 0.26
7 0.2725
7 0.2775
7 0.2725
7 0.2575
7 0.2775
7 0.245
7 0.1975
7 0.2725
7 0.285
7 0.2375
7 0.2425
7 0.205
7 0.2725
7 0.2475
8 0.28
8 0.285
8 0.28
8 0.28
8 0.28
8 0.28
8 0.285
8 0.28
8 0.28
8 0.27
8 0.28
8 0.28
8 0.28
8 0.28
8 0.245
8 0.27
8 0.22
8 0.28
8 0.28
8 0.28
9 0.285
9 0.285
9 0.285
9 0.285
9 0.285
9 0.285
9 0.285
9 0.285
9 0.285
9 0.285
9 0.285
9 0.285
9 0.285
9 0.285
9 0.2775
9 0.285
9 0.2725
9 0.28
9 0.285
9 0.285
10 0.2975
10 0.27
10 0.275
10 0.2625
10 0.29
10 0.2625
10 0.2625
10 0.29
10 0.2625
10 0.2625
10 0.29
10 0.2625
10 0.2625
10 0.2875
10 0.29
10 0.275
10 0.2625
10 0.2625
10 0.28
10 0.29
