This is Syn2 of RMSEnoise
2 0.335448
10 0.174858
1 0.246942
4 0.219415
1 0.246942
3 0.2303
1 0.246942
2 0.335407
2 0.23822
1 0.246942
2 0.238219
10 0.160412
1 0.246942
3 0.228592
4 0.222379
1 0.246942
1 0.246942
2 0.243482
3 0.227758
7 0.197658
4 0.219626
14 0.139201
11 0.158742
1 0.246942
15 0.125641
2 0.236981
13 0.140024
15 0.117922
11 0.147187
7 0.187568
1 0.246942
8 0.195285
9 0.187732
4 0.226079
2 0.239973
2 0.242254
12 0.14601
15 0.113128
2 0.23822
1 0.246942
2 0.238219
13 0.1257
7 0.198155
14 0.131026
15 0.129393
16 0.106045
17 0.104403
8 0.18143
12 0.142043
9 0.167473
14 0.123863
17 0.100662
11 0.16258
13 0.133532
13 0.119459
12 0.137386
3 0.232022
3 0.227762
16 0.10231
13 0.144403
12 0.147217
18 0.100749
19 0.100335
17 0.100889
14 0.113507
19 0.10061
14 0.102955
19 0.105582
29 0.110797
10 0.166031
16 0.1084
15 0.116137
22 0.107119
17 0.100892
14 0.114392
21 0.107551
22 0.101617
15 0.103748
15 0.103053
18 0.100524
23 0.1088
28 0.113566
30 0.113009
25 0.105493
25 0.113016
16 0.101057
16 0.100908
16 0.100945
22 0.118303
29 0.113728
24 0.11172
39 0.108422
22 0.103738
28 0.114722
15 0.0999986
33 0.11449
21 0.0995499
20 0.100163
28 0.107718
34 0.113931
