This is YaleFace of RMSEnoise
1 0.241227
3 0.208807
3 0.213325
4 0.230487
6 0.198785
2 0.239776
1 0.241227
4 0.21288
3 0.212093
4 0.212772
3 0.223325
1 0.241227
1 0.241227
1 0.241227
2 0.240239
2 0.231253
2 0.231253
1 0.241227
4 0.223561
4 0.237909
1 0.241227
2 0.240583
4 0.208152
7 0.19505
3 0.213826
4 0.19781
4 0.19781
5 0.194159
4 0.210721
3 0.213357
5 0.210315
4 0.239047
5 0.194176
4 0.19781
9 0.163074
6 0.185742
3 0.223295
3 0.213294
8 0.17848
4 0.212919
3 0.213321
2 0.2251
3 0.214567
5 0.21183
8 0.193008
4 0.208471
1 0.241227
7 0.193777
7 0.181813
6 0.194618
3 0.213325
9 0.186483
5 0.198927
3 0.239357
5 0.203609
4 0.210927
10 0.173775
7 0.185576
10 0.159374
5 0.196353
11 0.158543
8 0.186096
6 0.18451
6 0.211242
13 0.158327
12 0.162648
4 0.238356
6 0.186072
7 0.173116
10 0.178515
8 0.173051
7 0.200061
21 0.137563
11 0.166084
16 0.152174
6 0.18631
13 0.15711
15 0.154205
15 0.146945
23 0.134392
10 0.160783
17 0.143814
6 0.179581
10 0.16381
8 0.167496
12 0.163878
6 0.21975
14 0.155146
12 0.15231
8 0.170468
9 0.178005
16 0.143942
7 0.173078
15 0.152654
9 0.176848
14 0.15694
12 0.1688
17 0.136574
18 0.139496
15 0.150017
34 0.110862
39 0.105428
22 0.128941
27 0.122293
18 0.140029
34 0.110831
29 0.11991
13 0.154985
29 0.117598
35 0.111407
26 0.125471
47 0.101043
39 0.107916
13 0.150477
16 0.139005
27 0.12187
33 0.114308
26 0.12583
16 0.142783
36 0.111105
17 0.139929
23 0.126565
