This is Yeast of RMSEnoise
5 0.0862469
1 0.0980344
2 0.0929914
2 0.0931287
2 0.0929845
2 0.0931129
1 0.0961594
1 0.0961571
3 0.090786
3 0.0907224
4 0.0979265
1 0.0953384
2 0.0931638
3 0.0908082
3 0.0980282
2 0.0980234
2 0.0932042
2 0.0980215
2 0.0980201
1 0.0953451
3 0.0907024
2 0.0931647
2 0.0934351
2 0.0931267
2 0.0931776
3 0.0907379
2 0.0931245
3 0.0907354
27 0.0723218
4 0.0882906
3 0.0909422
2 0.0930725
3 0.0906217
2 0.0934295
40 0.0687672
25 0.0727488
2 0.0940241
3 0.090764
4 0.090761
17 0.0764536
26 0.0725265
5 0.0880273
2 0.0931622
9 0.0828325
13 0.0796002
2 0.0932214
5 0.0878944
3 0.090702
3 0.0906597
2 0.0932044
35 0.0691309
5 0.0874556
40 0.0673031
43 0.0680697
16 0.0780836
27 0.0724998
33 0.0716016
4 0.0883649
8 0.0828432
37 0.0685427
32 0.0692337
20 0.0750916
1 0.0962647
26 0.0741065
16 0.0783294
43 0.06801
26 0.0727446
3 0.0906705
7 0.0839712
23 0.0760985
16 0.0775129
7 0.0832471
7 0.0837271
36 0.0680926
13 0.0791466
25 0.0733755
65 0.0614501
80 0.0591769
44 0.0669279
68 0.0612092
42 0.0667339
74 0.0602608
40 0.0686558
56 0.0640712
50 0.0657174
50 0.0651782
50 0.065225
80 0.0605915
71 0.0607362
48 0.0670167
60 0.06358
67 0.0617655
30 0.07156
54 0.0642249
73 0.0599172
76 0.0610175
43 0.0679305
59 0.063207
39 0.0676143
67 0.0615005
123 0.0530568
107 0.0553348
88 0.0584622
71 0.0596179
94 0.0560656
95 0.0571413
109 0.0551649
75 0.0605227
100 0.0563574
77 0.0604529
69 0.0610744
111 0.0554348
90 0.0582892
124 0.0534669
94 0.0567638
121 0.0536612
125 0.0528194
103 0.0550104
102 0.0555223
86 0.0578312
96 0.0566627
92 0.0577585
95 0.0570779
95 0.0570717
87 0.0583495
