This is tabletop of RMSE
1 0.0960392
1 0.0541172
1 0.0541173
2 0.03851
2 0.0955466
1 0.0541172
1 0.0959985
1 0.0541172
1 0.0963348
1 0.0541172
4 0.0939953
2 0.0941969
2 0.0954748
1 0.095986
2 0.0385101
1 0.0965753
1 0.0541174
4 0.0929025
4 0.0858838
2 0.0385101
4 0.0270298
1 0.0541173
7 0.0248184
1 0.0541172
6 0.0878061
2 0.0382771
1 0.0541173
4 0.081296
2 0.0382503
6 0.094384
1 0.0541173
1 0.0541174
3 0.0341228
2 0.0385099
2 0.038277
4 0.0961335
1 0.0541172
1 0.0541172
1 0.0541173
3 0.0241616
2 0.0385102
3 0.0241616
2 0.0385102
5 0.0249941
3 0.0241617
2 0.0382771
4 0.0926732
3 0.0316695
2 0.0385101
3 0.0241618
2 0.03851
7 0.0151237
3 0.0385254
5 0.094026
1 0.0541173
2 0.0385102
6 0.0929335
7 0.020025
2 0.0385101
4 0.0220364
9 0.0168092
6 0.013723
4 0.0208984
8 0.0122855
10 0.0157414
7 0.0141011
10 0.0159243
1 0.0541172
2 0.0382771
3 0.0382418
3 0.0241617
2 0.0383758
7 0.0209671
4 0.0280757
3 0.0241616
4 0.019536
4 0.0204827
2 0.038277
4 0.0106255
11 0.0160736
8 0.019579
4 0.0459091
9 0.0316274
12 0.0158253
23 0.0201079
16 0.0178576
14 0.0201002
9 0.0155081
11 0.0173183
11 0.0165078
11 0.0165854
12 0.0177381
9 0.0160992
13 0.0151065
11 0.0175401
23 0.016571
16 0.0174189
15 0.0181923
16 0.0176773
