This is Mnist1k of RMSEnoise and the experiment started at 22-Feb-2017 15:39:59
5 0.25979
5 0.258513
5 0.260242
5 0.258193
5 0.257239
5 0.260243
5 0.25969
5 0.261318
5 0.258773
5 0.259417
5 0.260566
5 0.255557
5 0.261922
5 0.257773
5 0.257151
5 0.260687
5 0.260128
5 0.257904
5 0.258751
5 0.260096
10 0.25487
10 0.255196
10 0.255238
10 0.255446
10 0.255647
10 0.255287
10 0.251521
10 0.255024
10 0.255317
10 0.255024
10 0.254949
10 0.255024
10 0.255239
10 0.255699
10 0.255239
10 0.255447
10 0.255511
10 0.254503
10 0.255244
10 0.253938
