15 15
0.765381 1.60182 0.414791 0.505481 1.02041 1.27357 0.820236 0.992782 0.823874 0.701022 0.983452 0.930027 1.5055 1.58889 1.54731 
0.200497 1.48544 0.871607 0.916381 1.18167 1.4713 0.862819 0.776985 0.984567 0.46019 1.52103 1.52921 0.68653 1.58639 1.31376 
0.14008 0.654753 0.471124 0.528274 0.459428 0.640384 0.381062 0.46975 0.506155 0.346213 0.759969 0.649657 0.0878721 0.714141 0.687043 
0.194723 1.47994 0.872188 0.920789 1.18006 1.4737 0.87197 0.764364 0.991677 0.461763 1.51339 1.54361 0.679036 1.56863 1.33382 
0.730336 0.789244 0.00836102 0.122442 0.288462 0.449784 0.35614 0.702379 0.329842 0.562453 0.218393 0.0487994 0.931991 0.733943 0.9116 
0.925106 2.25704 0.905915 1.00941 1.48301 1.90043 1.20319 1.49319 1.32412 1.05576 1.74349 1.59102 1.59907 2.30909 2.25068 
0.735977 0.77008 0.0525182 0.111746 0.297818 0.457112 0.342923 0.673878 0.346584 0.577584 0.237971 0.0314223 0.93728 0.729571 0.911954 
0.772829 1.62374 0.446266 0.489257 1.01762 1.27199 0.807151 0.979999 0.81415 0.697679 0.966053 0.916612 1.51993 1.59771 1.54916 
0.188134 1.48197 0.898473 0.917966 1.18069 1.46564 0.888039 0.777552 0.959059 0.474062 1.53004 1.56175 0.666576 1.59889 1.34386 
0.0646809 0.841217 0.409077 0.370795 0.725975 0.82097 0.435411 0.303715 0.481972 0.129639 0.75847 0.875519 0.577282 0.872803 0.63884 
0.874956 1.43204 0.510915 0.647224 0.725058 1.07784 0.76817 1.16109 0.858445 0.906235 0.995389 0.719498 0.99517 1.46525 1.58436 
0.00247543 -0.014748 0.00312825 -0.0127961 0.013334 0.0135133 0.00240893 -0.00923718 0.0017783 0.0019299 0.00315338 0.00472548 -0.00372209 -0.0055414 0.00411746 
0.91336 2.25676 0.914684 1.02362 1.48544 1.91315 1.24061 1.48292 1.32292 1.03714 1.74641 1.57618 1.61713 2.29162 2.22514 
0.0356014 0.853724 0.414281 0.378951 0.733911 0.824199 0.463255 0.326494 0.477156 0.132475 0.765098 0.876126 0.577737 0.860213 0.655572 
0.719527 0.787854 0.0248276 0.114619 0.2982 0.442113 0.353692 0.68169 0.337202 0.563025 0.22664 0.0296846 0.950012 0.737341 0.899771 
