This is Syn3 of RMSEnoise
2 0.315647
1 0.315861
2 0.310855
1 0.439627
3 0.315401
1 0.315861
3 0.315476
1 0.315861
1 0.315861
4 0.315445
2 0.315628
2 0.315614
12 0.274475
2 0.315604
30 0.210708
32 0.198082
2 0.315659
3 0.315447
1 0.315861
1 0.315861
3 0.310228
3 0.315384
2 0.310319
3 0.315454
2 0.310485
5 0.309799
3 0.315354
18 0.250934
8 0.281477
23 0.226115
2 0.315623
4 0.315289
3 0.310154
5 0.293943
1 0.315861
31 0.2048
32 0.202238
3 0.315444
28 0.207276
33 0.189525
37 0.186173
44 0.162737
56 0.147374
51 0.149839
35 0.197002
37 0.166577
48 0.156931
6 0.287825
24 0.222955
41 0.167936
25 0.225718
18 0.241057
22 0.22177
3 0.305397
5 0.314939
38 0.163426
4 0.304382
3 0.305203
23 0.233547
62 0.135398
57 0.141861
49 0.13809
40 0.136255
51 0.147998
55 0.144419
38 0.168442
30 0.188147
49 0.151172
61 0.139954
57 0.144768
54 0.147619
55 0.154137
56 0.142326
42 0.159896
38 0.180517
37 0.184657
42 0.165287
44 0.165195
38 0.176689
67 0.131896
50 0.154766
48 0.146383
54 0.143662
63 0.134782
61 0.12852
59 0.131283
64 0.134914
55 0.1494
60 0.139718
59 0.136723
49 0.154873
76 0.124691
71 0.130799
72 0.12506
61 0.1395
53 0.143641
62 0.138513
63 0.132338
55 0.148083
