This is tabletop of RMSEnoise
1 0.100586
1 0.0602919
1 0.0602919
2 0.04665
2 0.0999858
1 0.0602919
1 0.100565
1 0.0602919
1 0.100895
1 0.0602919
4 0.0984537
2 0.0987314
2 0.0999133
1 0.100463
2 0.04665
1 0.101138
1 0.0602918
4 0.0973015
4 0.0908826
2 0.0466499
4 0.0370942
1 0.0602919
7 0.0344488
1 0.0602919
6 0.0921901
2 0.0465633
1 0.0602919
4 0.0864825
2 0.0466038
6 0.0988288
1 0.0602919
1 0.0602918
3 0.0418166
2 0.04665
2 0.0465634
4 0.100641
1 0.0602919
1 0.0602919
1 0.0602919
3 0.0359
2 0.0466499
3 0.0359
2 0.0466499
5 0.0346709
3 0.0359
2 0.0465633
4 0.0971825
3 0.0404341
2 0.04665
3 0.0358999
2 0.04665
7 0.0257045
3 0.0463695
5 0.0984046
1 0.0602919
2 0.0466499
6 0.0973528
7 0.0310508
2 0.0466499
4 0.0341104
9 0.0250744
6 0.0267723
4 0.0329593
8 0.0274345
10 0.0254451
7 0.0266293
10 0.0253488
1 0.0602919
2 0.0465633
3 0.0462908
3 0.0358999
2 0.0466541
7 0.0313214
4 0.037993
3 0.0359
4 0.0323799
4 0.0319708
2 0.0465634
4 0.0281399
11 0.0271034
8 0.0300726
4 0.0528084
9 0.0394296
12 0.0252619
23 0.0221714
16 0.0250689
14 0.0277748
9 0.0256756
11 0.0243331
11 0.0277593
11 0.0254071
12 0.0241451
9 0.0252457
13 0.0260645
11 0.0238289
23 0.0262976
16 0.0258053
15 0.0269673
16 0.0246168
