This is tabletop of RMSE and the experiment started at 22-Feb-2017 09:11:11
1 0.0596307
1 0.0596307
1 0.0596307
1 0.0596307
1 0.0596307
1 0.0596307
1 0.0596307
1 0.0596307
1 0.0596307
1 0.0596307
1 0.0596307
1 0.0596307
1 0.0596307
1 0.0596307
1 0.0596307
1 0.0596307
1 0.0596307
1 0.0596307
1 0.0596307
1 0.0596307
2 0.0471351
2 0.0471351
2 0.0471351
2 0.0471351
2 0.0471351
2 0.0471351
2 0.0471351
2 0.0471351
2 0.0471351
2 0.0471351
2 0.0471351
2 0.0471351
2 0.0471351
2 0.0471351
2 0.0471351
2 0.0471351
2 0.0471351
2 0.0471351
2 0.0471351
2 0.0471351
3 0.0329951
3 0.0329951
3 0.0329951
3 0.0329951
3 0.0329951
3 0.0329951
3 0.0329951
3 0.0329951
3 0.0329951
3 0.0329951
3 0.0329951
3 0.0329951
3 0.0329951
3 0.0329951
3 0.0329951
3 0.0329951
3 0.0329951
3 0.0329951
3 0.0329951
3 0.0329951
4 0.0297894
4 0.0297894
4 0.0297894
4 0.0297894
4 0.0297894
4 0.0297894
4 0.0297894
4 0.0297894
4 0.0297894
4 0.0297894
4 0.0297894
4 0.0297894
4 0.0297894
4 0.0297894
4 0.0297197
4 0.0297894
4 0.0297894
4 0.0297894
4 0.0297894
4 0.0297894
5 0.0453887
5 0.0397277
5 0.0423275
5 0.0336135
5 0.0421008
5 0.0456027
5 0.0423651
5 0.0334747
5 0.04734
5 0.0423481
5 0.0335003
5 0.0420952
5 0.0546292
5 0.042296
5 0.0399691
5 0.0424069
5 0.0292311
5 0.0420897
5 0.0420944
5 0.0396621
6 0.0376555
6 0.0434571
6 0.042017
6 0.0439155
6 0.0478008
6 0.0434933
6 0.0425139
6 0.0478272
6 0.0417227
6 0.0435052
6 0.0447888
6 0.0437326
6 0.050952
6 0.0509433
6 0.0510238
6 0.0417772
6 0.0434789
6 0.0511001
6 0.0437233
6 0.0475936
7 0.0494145
7 0.0495266
7 0.0489861
7 0.0493305
7 0.0426489
7 0.049546
7 0.0492718
7 0.0417823
7 0.0492736
7 0.0476728
7 0.042049
7 0.0467016
7 0.040591
7 0.0492686
7 0.0489633
7 0.0469839
7 0.0467555
7 0.0389081
7 0.0416658
7 0.0492184
8 0.0510872
8 0.049848
8 0.0510872
8 0.0510872
8 0.0510876
8 0.0510871
8 0.0498483
8 0.0510868
8 0.0510872
8 0.0511383
8 0.0510868
8 0.0510871
8 0.051087
8 0.0510872
8 0.0440123
8 0.0511384
8 0.0418891
8 0.0510871
8 0.0510872
8 0.0510873
9 0.0470982
9 0.0470982
9 0.0470982
9 0.0470982
9 0.0470982
9 0.0470982
9 0.0470982
9 0.0470982
9 0.0470981
9 0.0470982
9 0.0470982
9 0.0470982
9 0.0470982
9 0.0470982
9 0.0470544
9 0.0470982
9 0.047098
9 0.0470618
9 0.0470982
9 0.0470982
10 0.0454789
10 0.0453735
10 0.045961
10 0.0453325
10 0.0453246
10 0.0452859
10 0.0453325
10 0.0453178
10 0.0453326
10 0.0453325
10 0.045316
10 0.0453325
10 0.0453325
10 0.0453486
10 0.0453209
10 0.0459611
10 0.0453325
10 0.0453325
10 0.0451904
10 0.0453174
