This is Syn2 of hamming and the experiment started at 22-Feb-2017 17:35:41
2 0.407643
4 0.350071
6 0.293772
8 0.234557
10 0.1765
12 0.233946
14 0.109742
16 0.288755
18 0.311538
20 0.292732
2 0.445786
4 0.357006
6 0.344491
8 0.230342
10 0.191428
12 0.230788
14 0.17513
16 0.245218
18 0.188367
20 0.355214
2 0.434929
4 0.339527
6 0.288712
8 0.218356
10 0.203419
12 0.22905
14 0.187593
16 0.24816
18 0.301987
20 0.285211
2 0.4305
4 0.371418
6 0.26421
8 0.263215
10 0.140708
12 0.238867
14 0.0714722
16 0.266716
18 0.165805
20 0.366852
2 0.421784
4 0.333419
6 0.316309
8 0.275739
10 0.231006
12 0.175643
14 0.266782
16 0.0853077
18 0.306626
20 0.287138
2 0.430071
4 0.343532
6 0.338877
8 0.220026
10 0.174914
12 0.148246
14 0.141392
16 0.254449
18 0.1385
20 0.281857
2 0.451929
4 0.38225
6 0.287931
8 0.260073
10 0.169482
12 0.198237
14 0.230288
16 0.229149
18 0.371246
20 0.350766
2 0.435786
4 0.341432
6 0.306014
8 0.207392
10 0.231282
12 0.184857
14 0.123143
16 0.212443
18 0.322786
20 0.323743
2 0.438214
4 0.349216
6 0.327989
8 0.227379
10 0.290963
12 0.29248
14 0.139627
16 0.21207
18 0.362275
20 0.331831
2 0.432131
4 0.326209
6 0.344485
8 0.255929
10 0.195574
12 0.172146
14 0.1455
16 0.342624
18 0.354043
20 0.281151
2 0.439357
4 0.372947
6 0.275068
8 0.216661
10 0.138929
12 0.197775
14 0.196582
16 0.209357
18 0.313293
20 0.348728
2 0.4335
4 0.320809
6 0.313292
8 0.208305
10 0.171929
12 0.127558
14 0.337229
16 0.214643
18 0.249858
20 0.325786
2 0.4145
4 0.36818
6 0.334149
8 0.204429
10 0.307219
12 0.162725
14 0.175214
16 0.243387
18 0.269687
20 0.389071
2 0.440929
4 0.373569
6 0.310142
8 0.253569
10 0.184898
12 0.129692
14 0.212996
16 0.387485
18 0.270891
20 0.213429
2 0.406643
4 0.35122
6 0.345694
8 0.334768
10 0.152515
12 0.234819
14 0.12641
16 0.103188
18 0.199582
20 0.275466
