This is YaleFace of RMSEnoise and the experiment started at 22-Feb-2017 15:42:46
5 0.399015
5 0.398973
5 0.409319
5 0.398976
5 0.409319
5 0.409317
5 0.409304
5 0.409319
5 0.409318
5 0.398987
5 0.409317
5 0.399009
5 0.399009
5 0.409319
5 0.402129
5 0.399016
5 0.399013
5 0.399013
5 0.409318
5 0.409318
10 0.347979
10 0.348033
10 0.347979
10 0.347979
10 0.347979
10 0.347987
10 0.347953
10 0.347979
10 0.347979
10 0.347979
10 0.347979
10 0.347979
10 0.347979
10 0.347805
10 0.347979
10 0.347979
10 0.347953
10 0.347953
10 0.347979
10 0.347979
