This is tabletop of hamming
1 0.5075
1 0.4025
1 0.4025
2 0.23
2 0.5075
1 0.4025
1 0.5075
1 0.4025
1 0.5125
1 0.4025
4 0.495
2 0.495
2 0.5025
1 0.5125
2 0.23
1 0.5125
1 0.4025
4 0.4875
4 0.465
2 0.23
4 0.26
1 0.4025
7 0.2175
1 0.4025
6 0.4775
2 0.23
1 0.4025
4 0.4725
2 0.2425
6 0.4825
1 0.4025
1 0.4025
3 0.2425
2 0.23
2 0.23
4 0.5025
1 0.4025
1 0.4025
1 0.4025
3 0.1225
2 0.23
3 0.1225
2 0.23
5 0.1975
3 0.1225
2 0.23
4 0.5
3 0.245
2 0.23
3 0.1225
2 0.23
7 0.02
3 0.305
5 0.4975
1 0.4025
2 0.23
6 0.5
7 0.145
2 0.23
4 0.225
9 0.035
6 0.2275
4 0.1375
8 0.06
10 0.07
7 0.255
10 0.1225
1 0.4025
2 0.23
3 0.24
3 0.1225
2 0.245
7 0.315
4 0.3225
3 0.1225
4 0.1225
4 0.1225
2 0.23
4 0.005
11 0.28
8 0.1425
4 0.3575
9 0.21
12 0.13
23 0.2175
16 0.1975
14 0.2075
9 0.115
11 0.1275
11 0.255
11 0.1575
12 0.175
9 0.0925
13 0.2475
11 0.005
23 0.3025
16 0.36
15 0.24
16 0.1925
