This is Syn1 of RMSEnoise
37 1.6317
3 2.88921
40 1.52529
23 2.18533
42 1.47739
2 2.93483
21 2.211
17 2.39056
48 1.30127
2 2.93905
4 2.84629
3 2.89317
1 2.98329
36 1.70455
20 2.25653
2 2.93566
2 2.98056
37 1.63764
4 2.89408
40 1.43956
34 1.72254
39 1.52745
45 1.3453
52 1.19795
46 1.27748
33 1.74391
30 1.9046
42 1.44036
57 1.09662
44 1.42742
44 1.42256
45 1.41414
46 1.34134
50 1.2203
58 0.998953
52 1.13129
2 2.93694
28 1.94605
45 1.39433
59 1.10607
67 0.877674
71 0.867468
64 0.936696
71 0.889025
67 0.952434
70 0.858515
40 1.5274
58 1.02833
70 0.862201
67 0.948164
61 1.05182
59 1.05652
72 0.863299
72 0.860337
62 1.03634
58 1.0896
73 0.812762
70 0.889441
59 1.05326
68 0.954852
74 0.826683
79 0.722855
85 0.678826
79 0.772317
75 0.805258
80 0.778837
87 0.670757
74 0.803004
85 0.70927
76 0.792088
89 0.66457
80 0.735388
77 0.793083
73 0.824116
83 0.70162
85 0.679779
70 0.87706
78 0.760015
88 0.643312
108 0.513806
117 0.425461
99 0.535221
104 0.525747
109 0.495732
92 0.600926
109 0.503212
110 0.498495
94 0.597192
111 0.484702
116 0.443385
105 0.526964
103 0.531253
97 0.562705
96 0.568582
107 0.494654
111 0.466256
105 0.516388
100 0.541133
111 0.465897
