This is Simulated of hamming
1 0.295
1 0.295
3 0.215
1 0.295
1 0.295
2 0.505
2 0.505
3 0.24
3 0.1125
1 0.295
1 0.295
1 0.295
1 0.295
1 0.51
2 0.5125
2 0.515
2 0.515
2 0.2775
3 0.23
2 0.215
7 0.275
2 0.295
2 0.31
2 0.2375
1 0.295
7 0.2175
4 0.065
4 0.1925
2 0.3
1 0.295
4 0
6 0.375
2 0.23
4 0.24
1 0.295
1 0.52
3 0.24
1 0.295
4 0.1125
1 0.295
7 0.1625
7 0.1575
4 0
4 0.22
6 0.11
1 0.295
1 0.295
4 0
4 0.24
4 0.24
12 0.2525
7 0.2125
1 0.295
6 0.125
5 0.0725
2 0.195
1 0.295
5 0.12
7 0.175
3 0.1125
8 0.1125
11 0.2525
6 0.29
9 0.2525
7 0.025
8 0.1
3 0.1125
7 0.11
6 0.1075
7 0.1175
1 0.295
11 0.1375
7 0.06
7 0.2275
10 0.1225
5 0.23
5 0.035
3 0.1125
9 0.1775
8 0.245
5 0
14 0.21
10 0.15
11 0.235
18 0.1875
13 0.2525
11 0.1925
10 0.0875
10 0.16
14 0.225
11 0.1025
13 0.285
5 0.035
8 0.08
14 0.15
10 0.08
11 0.13
7 0.1475
8 0.0825
8 0.0975
