This is tabletop of hamming and the experiment started at 23-Feb-2017 03:34:31
2 0.23
3 0.3875
4 0.3875
5 0.3875
6 0.2375
7 0.2275
8 0.3875
9 0.2275
10 0.2275
2 0.3875
3 0.3875
4 0.3875
5 0.3875
6 0.3875
7 0.3875
8 0.2425
9 0.1225
10 0.1225
2 0.3875
3 0.3875
4 0.2375
5 0.3875
6 0.3875
7 0.2275
8 0.1225
9 0.1225
10 0.135
2 0.2425
3 0.3875
4 0.3875
5 0.2075
6 0.1225
7 0.3875
8 0.2575
9 0.1225
10 0.2275
2 0.3875
3 0.3875
4 0.3875
5 0.3875
6 0.3875
7 0.2275
8 0.1275
9 0.225
10 0.2275
2 0.3875
3 0.3875
4 0.3875
5 0.3875
6 0.3875
7 0.1225
8 0.2275
9 0.2275
10 0.1225
2 0.3875
3 0.3875
4 0.3875
5 0.3875
6 0.3875
7 0.3825
8 0.3875
9 0.3875
10 0.1225
2 0.3875
3 0.3875
4 0.3875
5 0.3875
6 0.1225
7 0.2275
8 0.1225
9 0.2275
10 0.1225
2 0.3875
3 0.3875
4 0.3875
5 0.3875
6 0.3875
7 0.3875
8 0.1225
9 0.3875
10 0.2275
2 0.3875
3 0.3875
4 0.3875
5 0.3875
6 0.3875
7 0.3875
8 0.152495
9 0.1225
10 0.1225
2 0.3875
3 0.3875
4 0.3875
5 0.3875
6 0.3875
7 0.1225
8 0.2275
9 0.3875
10 0.1225
2 0.3875
3 0.3875
4 0.2275
5 0.3875
6 0.3875
7 0.2725
8 0.2275
9 0.3875
10 0.1225
2 0.3875
3 0.3875
4 0.3875
5 0.3875
6 0.3875
7 0.2275
8 0.1225
9 0.0825
10 0.1225
2 0.3875
3 0.14738
4 0.3875
5 0.3875
6 0.3875
7 0.1225
8 0.2275
9 0.2275
10 0.245
2 0.3875
3 0.3875
4 0.3875
5 0.185001
6 0.3875
7 0.2275
8 0.3925
9 0.2275
10 0.2275
