This is Syn1 of RMSE
37 1.63169
3 2.88922
40 1.52526
23 2.18532
42 1.47736
2 2.93483
21 2.21099
17 2.39055
48 1.30126
2 2.93912
4 2.84628
3 2.89331
1 2.98328
36 1.70451
20 2.25651
2 2.93565
2 2.98055
37 1.6376
4 2.89439
40 1.43953
34 1.72251
39 1.52742
45 1.3453
52 1.19792
46 1.27745
33 1.7439
30 1.90458
42 1.44033
57 1.09658
44 1.42739
44 1.42253
45 1.41411
46 1.3413
50 1.22026
58 0.998916
52 1.13125
2 2.93694
28 1.94604
45 1.39431
59 1.10604
67 0.877642
71 0.867426
64 0.93665
71 0.888973
67 0.952388
70 0.858469
40 1.52738
58 1.0283
70 0.862169
67 0.948131
61 1.05178
59 1.05649
72 0.863252
72 0.860298
62 1.03631
58 1.08957
73 0.812722
70 0.889398
59 1.05322
68 0.954837
74 0.826639
79 0.722822
85 0.678779
79 0.772271
75 0.80519
80 0.778789
87 0.670712
74 0.802959
85 0.7092
76 0.792034
89 0.664534
80 0.735346
77 0.793055
73 0.824062
83 0.701576
85 0.679745
70 0.877021
78 0.759972
88 0.643258
108 0.513761
117 0.425376
99 0.535161
104 0.52569
109 0.495657
92 0.600855
109 0.503125
110 0.498423
94 0.597136
111 0.484637
116 0.443303
105 0.526898
103 0.5312
97 0.562647
96 0.568515
107 0.494582
111 0.466182
105 0.516326
100 0.54107
111 0.46582
